Date: 2024-02-07 17:51:01, Height: 157.0, Weight: 47.0, BMI: 19.067710657633167
Date: 2024-02-07 17:52:40, Height: 132.0, Weight: 67.0, BMI: 38.452708907254355
